########################## ROUND 3 #############################

# faithfulness_dense = [0.2, 1, 0.2, 0.8, 0.5, 0.75, 1, 0.5, 0.75, 1, 0.5, 0.67, 1, 0.2, 0.6, 0.33, 0.714, 0.25, 0.4, 1, 0.714, 0.125, 1, 0.5]
# faithfulness_sparse = [0.8, 0.6, 0.4, 0.67, 0.75, 1, 1, 1, 0.6, 0.67, 0.67, 1, 0.5, 0.5, 0.75, 0.67, 0.33, 1, 0.75, 0.5, 0.75, 0.67, 0.5, 0.83]

# context_precision_dense = [0, 0, 1, 1, 1, 1, 1, 1, 1, 0, 0, 1, 0, 0, 0, 0, 1, 1, 1, 0, 0, 0, 0, 0]
# context_precision_sparse = [1, 0, 1, 1, 1, 1, 1, 1, 1, 0, 1, 1, 0, 1, 1, 1, 1, 1, 1, 1, 0, 1, 0.5, 0]

# context_recall_dense = [0, 0, 1, 0, 1, 1, 0.5, 0.67, 0, 0, 0, 0.67, 0.67, 0, 0.67, 0, 1, 1, 1, 0.22, 0.5, 1, 0.5, 0.5]
# context_recall_sparse = [0, 0.5, 0.5, 1, 0.47, 0.5, 1, 0.5, 0, 0.5, 0.25, 0.14, 0, 0.17, 0.5, 1, 0, 0.5, 0.67, 0.5, 0, 0, 0.5, 0]

# noise_sensitivity_dense = [0, 0.67, 0, 0, 0, 0.25, 0.67, 0.5, 0.5, 0, 0, 0, 0, 0, 0, 0, 0, 0, 0, 0, 0, 0, 0, 0]
# noise_sensitivity_sparse = [0.6, 0, 1, 0.33, 0.5, 0.5, 0, 0.67, 0.2, 0, 0, 0.83, 0, 0, 1, 0, 0, 0.5, 0.75, 0.33, 0.25, 0, 0, 0.67]

########################## ROUND 4 #############################

# faithfulness_dense = [0, 1, 0.67, 0.5, 0.67, 0.75, 1, 0.67, 0.67, 1, 0.5, 0.67, 0.8, 1, 0.4, 0.75, 0.5, 0.25, 0.5, 1, 0.5, 0.33, 0.78, 0.8]
# faithfulness_sparse = [0, 1, 0, 0, 0, 0, 0, 0.25, 0.5, 1, 0.67, 0, 0.25, 0, 0.75, 0.75, 1, 0, 0.25, 0, 1, 0.571, 0, 0.22]

# context_precision_dense = [0, 0, 1, 1, 1, 1, 1, 1, 1, 0, 0, 1, 0, 0, 0, 0.5, 0.5, 1, 1, 0, 0, 1, 1, 1]
# context_precision_sparse = [0, 0, 0, 0, 0, 0, 0, 0, 0, 0, 0, 0, 0, 0, 0, 0, 0, 0, 0, 0, 0, 0, 0, 0]

# context_recall_dense = [0, 0, 0.5, 0, 1, 1, 0.5, 0.67, 0.35, 0, 0, 0.67, 0.67, 0, 0.67, 0, 0, 1, 1, 0.125, 0, 0.57, 0.5, 0.57]
# context_recall_sparse = [0, 0, 0, 0, 0, 0, 0, 0, 0, 0, 0, 0, 0, 0, 0, 0, 1, 0, 1, 0, 0, 0, 0, 0]

# noise_sensitivity_dense = [0, 0.25, 0.33, 0, 0, 0.25, 0, 0.33, 0, 0, 0, 0, 0, 0, 0.2, 0, 0, 0, 0.25, 0, 0.167, 0, 0, 0.8]
# noise_sensitivity_sparse = [0, 0, 0, 0, 0, 0, 0, 0, 0, 0, 0, 0, 0, 0, 0, 0, 0, 0, 0, 0, 0, 0, 0, 0]

########################## ROUND 5 #############################

# faithfulness_dense = [0.25, 1, 0, 0.33, 0.5, 0.5, 1, 0.67, 0.67, 0, 0.33, 0.6, 0.67, 0.67, 0.5, 0.5, 0.25, 0.2, 0.75, 1, 0.25, 0.75, 0, 0.6]
# faithfulness_sparse = [0.75, 0.67, 0.25, 0.67, 1, 1, 0.5, 1, 0.67, 1, 0.4, 1, 1, 0.5, 0.5, 0.5, 0.5, 1, 0.33, 1, 1, 0.33, 0.5, 1]

# context_precision_dense = [0, 0, 1, 1, 1, 1, 1, 1, 1, 0, 0, 1, 0, 0, 0, 0, 1, 1, 1, 0, 0, 0, 0, 0]
# context_precision_sparse = [1, 0, 1, 1, 1, 1, 1, 1, 1, 0, 1, 1, 0, 1, 1, 1, 1, 1, 1, 1, 0, 1, 1, 0]

# context_recall_dense = [0, 0, 1, 0, 1, 1, 0.5, 0.67, 0, 0, 0, 0.67, 0, 0, 0.67, 0, 1, 1, 1, 0.125, 0.5, 1, 0, 0.5]
# context_recall_sparse = [1, 0.5, 0.33, 1, 0.14, 0.5, 0.4, 1, 0.5, 0, 0.25, 0.5, 0.077, 0.16, 0.5, 1, 0, 1, 1, 0.5, 0.5, 0, 0.5, 0]

# noise_sensitivity_dense = [0, 0.5, 0, 0, 0, 0.16, 0, 0.33, 0, 0, 0, 0.2, 0, 0, 0.25, 0, 0, 0, 0, 0, 0, 0, 0, 0.2]
# noise_sensitivity_sparse = [0.5, 0, 0, 0.33, 0.67, 0.2, 0.5, 0.5, 0, 0, 0, 1, 0, 0, 0.75, 0, 0, 1, 0.67, 0.5, 0.33, 0, 0, 0.25]


########################## ROUND 6 #############################

# faithfulness_dense = [0.67, 1.0, 0.5, 0.5, 0.5, 0.5, 1.0, 0.67, 0.4, 0.33, 0.33, 0.6, 0.67, 0.67, 0.67, 0.67, 0.6, 1.0, 0.4, 1.0, 1.0, 0.25, 0.0, 0.6]
# context_precision_dense = [0.0, 0.0, 1.0, 1.0, 1.0, 1.0, 1.0, 1.0, 1.0, 0.0, 0.0, 1.0, 0.0, 0.0, 0.0, 0.0, 1.0, 1.0, 1.0, 0.0, 0.0, 0.0, 0.0, 0.0]
# context_recall_dense = [0.0, 0.0, 0.5, 0.0, 1.0, 1.0, 0.5, 0.67, 0.0, 0.0, 0.0, 0.67, 0.67, 0.0, 0.67, 0.0, 1.0, 1.0, 1.0, 0.12, 0.5, 1.0, 0.67, 0.5]
# noise_sensitivity_dense = [0.0, 0.5, 0.0, 0.0, 0.0, 0.17, 0.0, 0.67, 0.0, 0.0, 0.0, 0.6, 0.0, 0.0, 0.67, 0.0, 0.0, 0.0, 0.2, 0.0, 0.0, 0.0, 0.0, 0.4]

# faithfulness_sparse = [0.67, 1.0, 0.25, 0.67, 1.0, 1.0, 1.0, 0.67, 0.75, 0.75, 1.0, 1.0, 0.67, 0.5, 0.5, 0.5, 0.5, 1.0, 0.5, 1.0, 0.83, 0.8, 0.0, 1.0]
# context_precision_sparse = [1.0, 0.0, 1.0, 1.0, 1.0, 1.0, 1.0, 1.0, 1.0, 1.0, 1.0, 1.0, 0.0, 1.0, 1.0, 1.0, 1.0, 1.0, 1.0, 1.0, 0.0, 1.0, 1.0, 0.0]
# context_recall_sparse = [1.0, 0.5, 0.33, 1.0, 0.2, 0.5, 0.17, 0.71, 0.5, 0.5, 0.83, 0.5, 0.07, 0.17, 0.5, 1.0, 0.0, 1.0, 1.0, 0.5, 0.5, 0.0, 0.0, 0.0]
# noise_sensitivity_sparse = [0.17, 0.0, 0.0, 0.67, 0.0, 0.75, 0.33, 0.33, 0.0, 0.0, 0.0, 1.0, 0.0, 0.0, 0.5, 0.0, 0.0, 0.5, 0.25, 0.5, 0.17, 0.0, 0.0, 0.6]

########################## k = 3 ###########################
faithfulness_dense = [0.25, 1.0, 0.0, 0.67, 0.0, 0.67, 0.6, 0.5, 0.2, 0.0, 0.67, 0.5, 0.67, 1.0, 0.5, 1.0, 1.0, 0.33, 0.2, 0.75, 1.0, 0.67, 0.5, 0.5]
context_precision_dense = [0.0, 0.0, 1.0, 1.0, 0.0, 1.0, 1.0, 1.0, 0.0, 0.0, 0.0, 0.0, 0.0, 0.0, 0.0, 0.0, 0.0, 0.0, 0.0, 0.0, 0.0, 0.0, 0.0, 0.0]
context_recall_dense = [0.0, 0.0, 1.0, 0.0, 0.0, 1.0, 1.0, 0.0, 0.0, 0.0, 0.0, 0.0, 0.0, 0.0, 0.0, 0.0, 0.0, 0.0, 0.0, 0.0, 0.0, 0.0, 0.0, 0.0]
noise_sensitivity_dense = [0.0, 0.0, 0.0, 0.0, 0.0, 0.0, 0.5, 0.75, 0.0, 0.0, 0.0, 0.0, 0.0, 0.0, 0.0, 0.0, 0.8, 0.0, 0.0, 0.0, 0.0, 0.0, 0.0, 0.5]

faithfulness_sparse = [1.0, 1.0, 1.0, 1.0, 0.5, 0.67, 0.67, 0.5, 0.6, 1.0, 1.0, 1.0, 1.0, 0.5, 1.0, 0.5, 0.67, 1.0, 0.67, 1.0, 1.0, 0.5, 0.0, 1.0]
context_precision_sparse = [1.0, 0.0, 1.0, 1.0, 0.58, 0.58, 1.0, 1.0, 0.0, 0.0, 0.0, 1.0, 0.0, 1.0, 1.0, 1.0, 0.0, 1.0, 0.0, 0.0, 0.0, 0.0, 0.0, 0.0]
context_recall_sparse = [1.0, 0.0, 1.0, 1.0, 1.0, 1.0, 1.0, 1.0, 0.0, 0.0, 0.0, 1.0, 0.0, 1.0, 1.0, 1.0, 0.0, 1.0, 0.0, 0.0, 0.0, 0.0, 0.0, 0.0]
noise_sensitivity_sparse = [1.0, 0.0, 1.0, 1.0, 0.5, 0.5, 1.0, 0.5, 0.67, 0.0, 0.0, 1.0, 0.0, 0.0, 1.0, 0.0, 0.0, 0.2, 0.0, 0.0, 0.0, 0.0, 0.0, 0.25]
